0.00739708594471987 0.00347212461881054 -0.000240966941920208 -0.000890862562651406 -0.0018449043871274 0.00240921099696766
0.00347212461881054 0.0025100316438609 0.00098943099506685 0.000300794843021608 -0.00158976103844102 -0.000391113849064731
-0.000240966941920208 0.00098943099506685 0.0016711630751868 0.00114719634746328 -0.000874236345174687 -0.003216457838584
-0.000890862562651406 0.000300794843021608 0.00114719634746328 0.00090341236878569 -0.000379530670346472 -0.00258201552599049
-0.0018449043871274 -0.00158976103844102 -0.000874236345174687 -0.000379530670346472 0.00121959493548224 -6.72459614734428e-05
0.00240921099696766 -0.000391113849064731 -0.003216457838584 -0.00258201552599049 -6.72459614734428e-05 0.0136741693268435
