0.0145462599651220 0.00716067653456603 -3.6055584849646e-05 -0.00207975554517029 -0.00195553033142721 -0.000215603679128648 0.0030971568536467
0.00716067653456603 0.00453402299430715 0.000905126250368456 -0.00107871023176414 -0.00171536155982943 0.000406961391227016 0.00094943628289971
-3.6055584849646e-05 0.000905126250368456 0.00121359921122293 0.000173097424429713 -0.000539569823509039 -0.000614083192028032 -0.00138523786703880
-0.00207975554517029 -0.00107871023176414 0.000173097424429713 0.000611108450183807 0.000605460312654879 -0.00136130514845313 -0.00173552826289660
-0.00195553033142721 -0.00171536155982943 -0.000539569823509039 0.000605460312654879 0.00121965846560142 -0.00195100532835604 -0.00141796296796560
-0.000215603679128648 0.000406961391227016 -0.000614083192028032 -0.00136130514845313 -0.00195100532835604 0.00779872430061668 0.0062907012736386
0.0030971568536467 0.00094943628289971 -0.00138523786703880 -0.00173552826289660 -0.00141796296796560 0.0062907012736386 0.00835341195319404
