0.00188456447395918 0.00117217614569353 0.000555967296760014 0.00034256166930064 -0.000114149068119724 -0.00102932129315146
0.00117217614569353 0.000813242858614623 0.00051158458164731 0.000371060043303632 -9.03709672906742e-07 -0.000952453260736886
0.000555967296760014 0.00051158458164731 0.000730485082815993 0.000672828250988175 0.000371786008021785 -0.00168352356331866
0.00034256166930064 0.000371060043303632 0.000672828250988175 0.000653142396596364 0.000461344344406505 -0.00172278617160799
-0.000114149068119724 -9.03709672906742e-07 0.000371786008021785 0.000461344344406505 0.000703105491515414 -0.00171515204295298
-0.00102932129315146 -0.000952453260736886 -0.00168352356331866 -0.00172278617160799 -0.00171515204295298 0.00551967884309597
